<?xml version="1.0" encoding="UTF-8"?>
<document version="1.5.0">
  <chunk label="Chunk 1" enabled="true">
    <sensors next_id="1">
      <sensor id="0" label="unknown" type="frame">
        <resolution width="720" height="576"/>
        <property name="fixed" value="true"/>
        <property name="layer_index" value="0"/>
        <bands>
          <band label="Red"/>
          <band label="Green"/>
          <band label="Blue"/>
        </bands>
        <data_type>uint8</data_type>
        <calibration type="frame" class="initial">
          <resolution width="720" height="576"/>
          <f>495.48201911278852</f>
          <cx>31.154332695847</cx>
          <cy>8.9555217233570001</cy>
          <b2>1.9965756188508299</b2>
          <k1>-0.32452193773433702</k1>
          <k2>-0.16205079573256501</k2>
          <k3>0.38393844019010198</k3>
          <p1>-0.0036399792120625999</p1>
          <p2>-0.00140094545875112</p2>
        </calibration>
        <black_level>0 0 0</black_level>
        <sensitivity>1 1 1</sensitivity>
      </sensor>
    </sensors>
    <cameras next_id="188" next_group_id="0">
      <camera id="0" sensor_id="0" label="95">
        <transform>9.9881136072961252e-01 -3.0644823379596002e-02 -3.7904623431624047e-02 1.0833462010619708e+00 -3.0121088391308622e-02 -9.9944378786480748e-01 1.4312055497666287e-02 -2.5975062664523580e+00 -3.8322130833016457e-02 -1.3153315113638819e-02 -9.9917886516375931e-01 7.3728157236706060e-01 0 0 0 1</transform>
      </camera>
      <camera id="1" sensor_id="0" label="100">
        <transform>9.9860084638195890e-01 -2.6548564438457274e-02 -4.5733175392620305e-02 7.6208474300370022e-01 -2.5996848123841811e-02 -9.9958240375957264e-01 1.2616734199490165e-02 -2.4257563893836998e+00 -4.6049033571411595e-02 -1.1410163035284138e-02 -9.9887401342043491e-01 -1.4200341091622217e+00 0 0 0 1</transform>
      </camera>
      <camera id="2" sensor_id="0" label="105">
        <transform>9.9820421247958224e-01 -2.9848329577470748e-02 -5.1936763563506794e-02 6.7404566320055581e-01 -2.9388148762754591e-02 -9.9952195672386557e-01 9.6018091624897328e-03 -2.3902722499430777e+00 -5.2198533507323064e-02 -8.0582410195622622e-03 -9.9860421481753980e-01 -1.6357443231087734e+00 0 0 0 1</transform>
      </camera>
      <camera id="3" sensor_id="0" label="110">
        <transform>9.9817943876140225e-01 -3.0499876572067749e-02 -5.2034272965626537e-02 6.2859537951968980e-01 -3.0075145702574808e-02 -9.9950778252321326e-01 8.9262694613319593e-03 -2.4048974687590499e+00 -5.2280910903900669e-02 -7.3450803001761655e-03 -9.9860540562849032e-01 -1.6653509773249322e+00 0 0 0 1</transform>
      </camera>
      <camera id="4" sensor_id="0" label="115">
        <transform>9.9822972752562400e-01 -3.3277021760648950e-02 -4.9295546521563871e-02 5.5735722378694386e-01 -3.2756633056265527e-02 -9.9939916770365400e-01 1.1327249624707991e-02 -2.2793275140453000e+00 -4.9642865297397414e-02 -9.6924411777721819e-03 -9.9872000205717293e-01 -1.6262197741843645e+00 0 0 0 1</transform>
      </camera>
      <camera id="5" sensor_id="0" label="120">
        <transform>9.9832934692513620e-01 -3.3760906231998733e-02 -4.6890471083428892e-02 4.8850081745939555e-01 -3.3173279890329775e-02 -9.9936172530510148e-01 1.3254263334028071e-02 -2.1733550271436024e+00 -4.7308018023898848e-02 -1.1676609336793597e-02 -9.9881209855760433e-01 -1.8236500525691575e+00 0 0 0 1</transform>
      </camera>
      <camera id="6" sensor_id="0" label="125">
        <transform>9.9850926902088433e-01 -3.0782704187309520e-02 -4.5073992526696541e-02 4.7258385901073618e-01 -3.0302683565267552e-02 -9.9947695283819726e-01 1.1294605527206458e-02 -2.1383802323827719e+00 -4.5398095203690689e-02 -9.9119053762902753e-03 -9.9891980012596004e-01 -1.9865802854717605e+00 0 0 0 1</transform>
      </camera>
      <camera id="7" sensor_id="0" label="130">
        <transform>9.9871943078828407e-01 -3.0515494346922269e-02 -4.0352238732061806e-02 4.2131179269952779e-01 -3.0074065331895359e-02 -9.9948149654978025e-01 1.1501680269583092e-02 -2.0568760229479932e+00 -4.0682295416301729e-02 -1.0273395708030542e-02 -9.9911931628824346e-01 -2.1039426246003439e+00 0 0 0 1</transform>
      </camera>
      <camera id="8" sensor_id="0" label="135">
        <transform>9.9881255240442557e-01 -3.1189042553745140e-02 -3.7426311385666641e-02 3.9174093157633710e-01 -3.0775241292625852e-02 -9.9945922239771867e-01 1.1582197007845367e-02 -1.8667627772631716e+00 -3.7767309710076802e-02 -1.0416639992269983e-02 -9.9923226725748537e-01 -2.1850809389697186e+00 0 0 0 1</transform>
      </camera>
      <camera id="9" sensor_id="0" label="140">
        <transform>9.9880375981833591e-01 -3.3857699975971059e-02 -3.5280384423820428e-02 3.1530695936667097e-01 -3.3333379427466808e-02 -9.9932647558009613e-01 1.5345390858749086e-02 -1.4171473305619882e+00 -3.5776181863076933e-02 -1.4151019645254337e-02 -9.9925963265524720e-01 -1.6255994540534615e+00 0 0 0 1</transform>
      </camera>
      <camera id="10" sensor_id="0" label="145">
        <transform>9.9915461446820086e-01 -3.0766835414159019e-02 -2.7266430376911788e-02 1.3541072562863526e-01 -3.0102379137236623e-02 -9.9924765579666197e-01 2.4453407843347597e-02 -8.5034488660955265e-01 -2.7998270610503598e-02 -2.3611950861229025e-02 -9.9932906123025744e-01 -1.0570964415603787e+00 0 0 0 1</transform>
      </camera>
      <camera id="11" sensor_id="0" label="150">
        <transform>9.9915351563718025e-01 -3.1173046196179187e-02 -2.6842007762340345e-02 8.5569893406652900e-02 -3.0429842079414605e-02 -9.9915397308383558e-01 2.7665190796528905e-02 -3.4933294670733733e-01 -2.7681706972015798e-02 -2.6824974587822570e-02 -9.9925679574245496e-01 -9.8592124766669154e-01 0 0 0 1</transform>
      </camera>
      <camera id="12" sensor_id="0" label="155">
        <transform>9.9937348369313961e-01 -2.8799662258468570e-02 -2.0572300426450557e-02 1.2524980280233383e-01 -2.8257620419266886e-02 -9.9925804312140576e-01 2.6170023794779399e-02 -1.8363272545418374e-01 -2.1310724513226378e-02 -2.5572303591519283e-02 -9.9944580158693175e-01 -8.0035549912520121e-01 0 0 0 1</transform>
      </camera>
      <camera id="13" sensor_id="0" label="160">
        <transform>9.9944784938721254e-01 -2.6761592426311414e-02 -1.9692981645356870e-02 1.7358457294052707e-01 -2.6321781979400473e-02 -9.9940557181980683e-01 2.2263575834838879e-02 -1.6341288642983151e-01 -2.0277084324559089e-02 -2.1732928618405849e-02 -9.9955816222216975e-01 -4.3877614960332018e-01 0 0 0 1</transform>
      </camera>
      <camera id="14" sensor_id="0" label="165">
        <transform>9.9920341200678942e-01 -3.5142521448327878e-02 -1.8908850315245883e-02 2.5578921703765811e-01 -3.4672300296736222e-02 -9.9909479103880372e-01 2.4646097282563562e-02 -1.3110056036857948e-01 -1.9757859856864676e-02 -2.3970851160992679e-02 -9.9951739618102386e-01 -4.2026666481121089e-01 0 0 0 1</transform>
      </camera>
      <camera id="15" sensor_id="0" label="170">
        <transform>9.9920341817180836e-01 -3.7384882207780329e-02 -1.3960648125519240e-02 2.2981419202945730e-01 -3.6992916689266644e-02 -9.9894114239387966e-01 2.7351748529681197e-02 -5.8445576548557150e-02 -1.4968407684024129e-02 -2.6813515530797472e-02 -9.9952837986536658e-01 -5.3342695190303324e-01 0 0 0 1</transform>
      </camera>
      <camera id="16" sensor_id="0" label="175">
        <transform>9.9942936425559270e-01 -3.2169714531697834e-02 -1.0298316882387219e-02 1.6283075515039669e-01 -3.1986456725289179e-02 -9.9933524870828838e-01 1.7490776863950605e-02 4.2427795130894529e-02 -1.0854144361588113e-02 -1.7151389334172776e-02 -9.9979398747646286e-01 -6.3063350062337153e-01 0 0 0 1</transform>
      </camera>
      <camera id="17" sensor_id="0" label="180">
        <transform>9.9956138578581699e-01 -2.9497462182618592e-02 -2.6335851461572724e-03 1.4470168756754970e-01 -2.9447751313905264e-02 -9.9941738497977506e-01 1.7254580340984441e-02 8.1314243731867242e-02 -3.1410171109792222e-03 -1.7169459076339016e-02 -9.9984766023956595e-01 -4.1514119757420104e-01 0 0 0 1</transform>
      </camera>
      <camera id="18" sensor_id="0" label="185">
        <transform>9.9971228596803563e-01 -2.3971913585499726e-02 -8.3225213376063735e-04 1.1543153738220116e-01 -2.3957217609754805e-02 -9.9960634591481767e-01 1.4601538659465247e-02 8.7442805241731897e-02 -1.1819513372683160e-03 -1.4577399146429970e-02 -9.9989304549294766e-01 -1.3928469631880280e-01 0 0 0 1</transform>
      </camera>
      <camera id="19" sensor_id="0" label="190">
        <transform>9.9974404368894909e-01 -2.2568881242487984e-02 1.5788311914509761e-03 9.6065645718221321e-02 -2.2589618599039355e-02 -9.9963739246264716e-01 1.4655808474122020e-02 1.5250714882641184e-01 1.2474934943956389e-03 -1.4687722421896662e-02 -9.9989135138275842e-01 -2.0171360059087853e-01 0 0 0 1</transform>
      </camera>
      <camera id="20" sensor_id="0" label="195">
        <transform>9.9975256071897545e-01 -2.2136657509189809e-02 2.1876311784792065e-03 9.6628139755757625e-02 -2.2171938840906982e-02 -9.9959762861420398e-01 1.7691410257374932e-02 1.6038989967779455e-01 1.7951222485682351e-03 -1.7735536732236268e-02 -9.9984110151210159e-01 -2.0276027213874906e-01 0 0 0 1</transform>
      </camera>
      <camera id="21" sensor_id="0" label="200">
        <transform>9.9974390521550283e-01 -2.2621069768833692e-02 -6.4123862102584482e-04 1.0562011562734459e-01 -2.2610295588088976e-02 -9.9965230340638922e-01 1.3566385949094446e-02 1.5793275412249039e-01 -9.4790182760701278e-04 -1.3548413073644294e-02 -9.9990776673916848e-01 -1.5932857678967813e-01 0 0 0 1</transform>
      </camera>
      <camera id="22" sensor_id="0" label="205">
        <transform>9.9974314040920387e-01 -2.2511415252970568e-02 -2.6247643801740957e-03 1.2167372414329619e-01 -2.2473053478498022e-02 -9.9965180984239876e-01 1.3828266202614292e-02 1.5664322498401431e-01 -2.9351443057665629e-03 -1.3765727809532072e-02 -9.9990093992644002e-01 -4.1069546837027099e-02 0 0 0 1</transform>
      </camera>
      <camera id="23" sensor_id="0" label="210">
        <transform>9.9969551028934833e-01 -2.4464762661678754e-02 -3.2190208491259175e-03 9.8930233471583681e-02 -2.4409150657201017e-02 -9.9956900615362232e-01 1.6309362380359890e-02 1.7694023084720378e-01 -3.6166381507473995e-03 -1.6225822782452784e-02 -9.9986181175376387e-01 -1.4493310257124659e-01 0 0 0 1</transform>
      </camera>
      <camera id="24" sensor_id="0" label="215">
        <transform>9.9967912707285245e-01 -2.4989624644934594e-02 -4.1426507172082974e-03 6.9705597055664828e-02 -2.4923700559067674e-02 -9.9957277493943686e-01 1.5266851355707906e-02 2.2355124794833234e-01 -4.5223937578938939e-03 -1.5158702450428468e-02 -9.9987487301897826e-01 -2.9431111341098126e-01 0 0 0 1</transform>
      </camera>
      <camera id="25" sensor_id="0" label="220">
        <transform>9.9968842380725875e-01 -2.4206448301016609e-02 -6.0912368537233176e-03 5.3561667498419521e-02 -2.4126226980912113e-02 -9.9962548438325027e-01 1.2915732391786033e-02 2.9537406736691718e-01 -6.4015995988078158e-03 -1.2764749594133373e-02 -9.9989803514677222e-01 -6.2400412505066109e-02 0 0 0 1</transform>
      </camera>
      <camera id="26" sensor_id="0" label="225">
        <transform>9.9961778835454274e-01 -2.6636202469819622e-02 -7.4020215589071583e-03 3.7087267381071973e-02 -2.6528071762635913e-02 -9.9954518891074295e-01 1.4341434166209754e-02 3.2252536454371844e-01 -7.7806563815779987e-03 -1.4139591343955649e-02 -9.9986975818998425e-01 -1.9414678961964843e-01 0 0 0 1</transform>
      </camera>
      <camera id="27" sensor_id="0" label="230">
        <transform>9.9961166964961223e-01 -2.6096124064234130e-02 -9.7725231715330568e-03 2.3486432169348259e-02 -2.5976209536051623e-02 -9.9958807902579716e-01 1.2202819660055098e-02 3.2402058587321553e-01 -1.0086943960050091e-02 -1.1944227825221088e-02 -9.9987778702359731e-01 -1.0500762768515447e-01 0 0 0 1</transform>
      </camera>
      <camera id="28" sensor_id="0" label="235">
        <transform>9.9960938803579280e-01 -2.6390102675830026e-02 -9.1996647475891119e-03 -3.5955117206347052e-02 -2.6289908189220581e-02 -9.9959550946497067e-01 1.0847035764144475e-02 3.7870964082778519e-01 -9.4821979578174394e-03 -1.0600940440613216e-02 -9.9989884887605673e-01 2.2401534602492210e-02 0 0 0 1</transform>
      </camera>
      <camera id="29" sensor_id="0" label="240">
        <transform>9.9955205133338443e-01 -2.8044096729671397e-02 -1.0451091514299621e-02 -4.6868011976340634e-02 -2.7932416833505620e-02 -9.9955272697180908e-01 1.0682981468660327e-02 4.1048756398614866e-01 -1.0746011588618518e-02 -1.0386271796813250e-02 -9.9988831806012202e-01 5.6602662416781496e-02 0 0 0 1</transform>
      </camera>
      <camera id="30" sensor_id="0" label="245">
        <transform>9.9950416126339103e-01 -2.8806159191438425e-02 -1.2713646597368952e-02 -6.2885423366616316e-02 -2.8709804140518304e-02 -9.9955815068437637e-01 7.6974376674254497e-03 4.3004219799656956e-01 -1.2929762696134843e-02 -7.3286146759352772e-03 -9.9988955022219994e-01 7.4929192362191685e-02 0 0 0 1</transform>
      </camera>
      <camera id="31" sensor_id="0" label="250">
        <transform>9.9951728346102819e-01 -2.8728666247040815e-02 -1.1826402595522112e-02 -9.0004510574613714e-02 -2.8624546856045957e-02 -9.9955077981150720e-01 8.8810976514474560e-03 4.0916694135100090e-01 -1.2076232027054766e-02 -8.5382851834930329e-03 -9.9989062517165062e-01 -1.6751804718884131e-02 0 0 0 1</transform>
      </camera>
      <camera id="32" sensor_id="0" label="255">
        <transform>9.9961323004808267e-01 -2.6004204860766968e-02 -9.8575677730181055e-03 -1.1385411704924658e-01 -2.5919742040801656e-02 -9.9962702196176134e-01 8.6013915385207973e-03 4.4148336674067928e-01 -1.0077563464383682e-02 -8.3425591649026742e-03 -9.9991441854850838e-01 3.0585711119614216e-02 0 0 0 1</transform>
      </camera>
      <camera id="33" sensor_id="0" label="260">
        <transform>9.9969755124755366e-01 -2.3386128014632118e-02 -7.6088794265010643e-03 -1.2977565467827210e-01 -2.3319043483458344e-02 -9.9968943950780997e-01 8.7890128898606701e-03 4.5167630366641009e-01 -7.8120573897258868e-03 -8.6089228736700996e-03 -9.9993242682008021e-01 3.8948777599019033e-02 0 0 0 1</transform>
      </camera>
      <camera id="34" sensor_id="0" label="265">
        <transform>9.9974293135722259e-01 -2.1541070299339698e-02 -7.0748492299483757e-03 -1.2808351588152134e-01 -2.1484754638850367e-02 -9.9973763215222478e-01 7.9417993409223522e-03 4.1968327300893060e-01 -7.2440678748886362e-03 -7.7877563535321600e-03 -9.9994343556603349e-01 1.0612980136732023e-01 0 0 0 1</transform>
      </camera>
      <camera id="35" sensor_id="0" label="270">
        <transform>9.9975946791662484e-01 -2.1071835579669452e-02 -6.0814518307535231e-03 -1.3741221739319720e-01 -2.1018516468275367e-02 -9.9974121388414383e-01 8.7021392158967981e-03 4.2026625934512585e-01 -6.2632480822042407e-03 -8.5722229767659641e-03 -9.9994364277028014e-01 -2.5063647370103029e-02 0 0 0 1</transform>
      </camera>
      <camera id="36" sensor_id="0" label="275">
        <transform>9.9970809540958228e-01 -2.3237636287387863e-02 -6.6133374570412273e-03 -1.3696728678073009e-01 -2.3171251891967316e-02 -9.9968205899488938e-01 9.9435410945057923e-03 4.3127082412720941e-01 -6.8422991972458191e-03 -9.7873992211517380e-03 -9.9992869233669912e-01 -2.0715983070114458e-01 0 0 0 1</transform>
      </camera>
      <camera id="37" sensor_id="0" label="280">
        <transform>9.9965679366133364e-01 -2.4969448524582612e-02 -7.9260032247969615e-03 -1.2133861636876771e-01 -2.4899338129061414e-02 -9.9965101574693627e-01 8.8243796866105655e-03 4.5806519292245901e-01 -8.1435770688279702e-03 -8.6239988692610788e-03 -9.9992965192358763e-01 -2.2443649066492447e-01 0 0 0 1</transform>
      </camera>
      <camera id="38" sensor_id="0" label="285">
        <transform>9.9966835698492051e-01 -2.4837890972795248e-02 -6.8011186648493397e-03 -1.3550791999158113e-01 -2.4773905524653687e-02 -9.9964948460306868e-01 9.3360343762242670e-03 4.7388915004256754e-01 -7.0306221719958848e-03 -9.1644478743694857e-03 -9.9993328939836412e-01 -8.8966494664754953e-02 0 0 0 1</transform>
      </camera>
      <camera id="39" sensor_id="0" label="290">
        <transform>9.9962175397715436e-01 -2.5794673073526432e-02 -9.5385437393360282e-03 -1.1963683372896887e-01 -2.5721254877682818e-02 -9.9963918021379805e-01 7.7412162483096085e-03 4.6866776823858641e-01 -9.7347841863399381e-03 -7.4929448493699776e-03 -9.9992454203021242e-01 -1.9372110152595201e-01 0 0 0 1</transform>
      </camera>
      <camera id="40" sensor_id="0" label="295">
        <transform>9.9939271694725806e-01 -3.2729561692519386e-02 -1.1957136120059123e-02 -1.1625538381400131e-01 -3.2589092074391299e-02 -9.9939965110807594e-01 1.1759610657771480e-02 4.9318971775272014e-01 -1.2334844569142403e-02 -1.1362797035549321e-02 -9.9985935933659376e-01 -1.1102042932381903e-01 0 0 0 1</transform>
      </camera>
      <camera id="41" sensor_id="0" label="300">
        <transform>9.9908530103205107e-01 -3.9390728527697733e-02 -1.6641267011646827e-02 -9.3137569009900972e-02 -3.9159767837588448e-02 -9.9913510629555602e-01 1.3983989083013281e-02 5.0439445580215236e-01 -1.7177713602277756e-02 -1.3319529789932276e-02 -9.9976373022908405e-01 -2.3038089219990809e-01 0 0 0 1</transform>
      </camera>
      <camera id="42" sensor_id="0" label="305">
        <transform>9.9914587986580727e-01 -3.8522962851807757e-02 -1.4949651511000776e-02 -1.2326628361498559e-01 -3.8382328062041587e-02 -9.9921717593089299e-01 9.5829127737204201e-03 5.3293867067341993e-01 -1.5307110756767345e-02 -9.0009253862673999e-03 -9.9984232542059881e-01 -2.1587804183664999e-01 0 0 0 1</transform>
      </camera>
      <camera id="43" sensor_id="0" label="310">
        <transform>9.9924185066959881e-01 -3.6570023707499212e-02 -1.3355045354749802e-02 -1.6079049400852177e-01 -3.6496043338584944e-02 -9.9931730158331833e-01 5.7419140417462921e-03 5.2880638659941404e-01 -1.3555909819064490e-02 -5.2501544994046061e-03 -9.9989433101038727e-01 -5.4892754420813772e-01 0 0 0 1</transform>
      </camera>
      <camera id="44" sensor_id="0" label="315">
        <transform>9.9919865329851554e-01 -3.7965538397363587e-02 -1.2675533149783792e-02 -1.6570539351010175e-01 -3.7903092309169439e-02 -9.9926824647286316e-01 5.1310022853997611e-03 5.4051345279053298e-01 -1.2861059047976396e-02 -4.6464486705988552e-03 -9.9990649746609606e-01 -6.3042921608294278e-01 0 0 0 1</transform>
      </camera>
      <camera id="45" sensor_id="0" label="320">
        <transform>9.9907686703218013e-01 -4.1129258416021421e-02 -1.2401526652427710e-02 -1.7145167246608867e-01 -4.1071072309618512e-02 -9.9914415982346849e-01 4.9106934330773178e-03 5.7619472481724765e-01 -1.2592886106879128e-02 -4.3968162121829635e-03 -9.9991103965637640e-01 -6.9872490480150307e-01 0 0 0 1</transform>
      </camera>
      <camera id="46" sensor_id="0" label="325">
        <transform>9.9911719669200871e-01 -4.0594527557770495e-02 -1.0812567070942393e-02 -1.7438287093032834e-01 -4.0514558247726762e-02 -9.9915068579198685e-01 7.5151614349434279e-03 6.1653861539899246e-01 -1.1108458232075853e-02 -7.0704606471651346e-03 -9.9991330161266634e-01 -6.7909172076888413e-01 0 0 0 1</transform>
      </camera>
      <camera id="47" sensor_id="0" label="330">
        <transform>9.9918379606116403e-01 -3.9000267278173913e-02 -1.0522397114407625e-02 -1.6429381377798094e-01 -3.8927192204078365e-02 -9.9921709124852209e-01 7.0624545272599260e-03 5.8289394315881571e-01 -1.0789596651823314e-02 -6.6470827491368345e-03 -9.9991969722324059e-01 -5.5744660044347960e-01 0 0 0 1</transform>
      </camera>
      <camera id="48" sensor_id="0" label="335">
        <transform>9.9914824708613392e-01 -3.9497359342686514e-02 -1.1947340694102545e-02 -1.5435301203836177e-01 -3.9421360474944343e-02 -9.9920133076623396e-01 6.5312275485552296e-03 5.9556262704165153e-01 -1.2195764962098985e-02 -6.0546841322401956e-03 -9.9990729776167164e-01 -5.0535666271913871e-01 0 0 0 1</transform>
      </camera>
      <camera id="49" sensor_id="0" label="340">
        <transform>9.9914449926692872e-01 -4.0107782056894345e-02 -1.0081438543910011e-02 -1.6087992397362472e-01 -4.0029077243703241e-02 -9.9916735470005857e-01 7.8911517984230229e-03 5.8134682608372856e-01 -1.0389540877998793e-02 -7.4808502300728755e-03 -9.9991804380168059e-01 -6.0872803480491056e-01 0 0 0 1</transform>
      </camera>
      <camera id="50" sensor_id="0" label="345">
        <transform>9.9931859584394922e-01 -3.6058092366754689e-02 -7.8840329367704156e-03 -1.7049289704403719e-01 -3.6003439707935576e-02 -9.9932737688457740e-01 6.9675058799045109e-03 5.7942415763590727e-01 -8.1299649245578937e-03 -6.6789058879462432e-03 -9.9994464641122283e-01 -5.6531826763008453e-01 0 0 0 1</transform>
      </camera>
      <camera id="51" sensor_id="0" label="350">
        <transform>9.9962508619657897e-01 -2.7359591056557105e-02 -1.0676252619431646e-03 -1.8080651135853507e-01 -2.7353647858631057e-02 -9.9961212428194113e-01 5.2324886403783827e-03 5.2592638151599491e-01 -1.2103699054369040e-03 -5.2013234627006355e-03 -9.9998574051779765e-01 -6.2036861132465082e-01 0 0 0 1</transform>
      </camera>
      <camera id="52" sensor_id="0" label="355">
        <transform>9.9984908623979574e-01 -1.7081443943106164e-02 3.1668625268247881e-03 -1.0967508955338473e-01 -1.7105176830214484e-02 -9.9982462106207004e-01 7.6249618814865361e-03 4.3006294197403622e-01 3.0360617668913313e-03 -7.6779809133359633e-03 -9.9996591488812370e-01 5.1696378526851905e-01 0 0 0 1</transform>
      </camera>
      <camera id="53" sensor_id="0" label="360">
        <transform>9.9997975503435210e-01 -6.1260121848933733e-03 -1.7208998075663811e-03 6.4133008138019688e-03 -6.1297954851210167e-03 -9.9997878853102851e-01 -2.2018390782146957e-03 1.6749894552969283e-01 -1.7073748117311938e-03 2.2123432659287845e-03 -9.9999609519663912e-01 1.1028686165147654e+00 0 0 0 1</transform>
      </camera>
      <camera id="54" sensor_id="0" label="365">
        <transform>9.9998447829487147e-01 -3.6791103807702801e-03 -4.1841744872940590e-03 8.7849336378445692e-02 -3.7031541222620583e-03 -9.9997659341638556e-01 -5.7531964078698121e-03 7.3200189384059700e-02 -4.1629099054372601e-03 5.7686017514525087e-03 -9.9997469638733971e-01 9.4769558140288623e-01 0 0 0 1</transform>
      </camera>
      <camera id="55" sensor_id="0" label="370">
        <transform>9.9997660919707210e-01 -5.9756323048662744e-03 -3.3275933168630425e-03 6.3270992363024109e-02 -5.9808139840704030e-03 -9.9998091440245263e-01 -1.5494176076195998e-03 2.0508610444039255e-01 -3.3182710578463742e-03 1.5692830821403703e-03 -9.9999326319120529e-01 2.4577795923321757e-01 0 0 0 1</transform>
      </camera>
      <camera id="56" sensor_id="0" label="375">
        <transform>9.9997893941685478e-01 -6.3859828122601100e-03 1.1575604789403541e-03 -2.0139001890238217e-03 -6.3896234468941021e-03 -9.9997456423568609e-01 3.1691629583007475e-03 2.1792923390833413e-01 1.1372928153238729e-03 -3.1764925894582630e-03 -9.9999430821374258e-01 2.3514232569961402e-01 0 0 0 1</transform>
      </camera>
      <camera id="57" sensor_id="0" label="380">
        <transform>9.9998780766176099e-01 -3.1102334855361005e-03 3.8354889505759233e-03 -5.1097759119423727e-02 -3.1022358046752701e-03 -9.9999300531197277e-01 -2.0893683593927207e-03 2.1309090668666564e-01 3.8419605459622842e-03 2.0774442939560643e-03 -9.9999046173669515e-01 3.0934706058480083e-01 0 0 0 1</transform>
      </camera>
      <camera id="58" sensor_id="0" label="385">
        <transform>9.9998638948537710e-01 1.5663323528001829e-03 4.9766903620190811e-03 -1.1053672101202877e-01 1.6009904303396494e-03 -9.9997444334175845e-01 -6.9677466215453399e-03 1.7002502248134282e-01 4.9656493674848853e-03 6.9756194205726763e-03 -9.9996334085808292e-01 6.0452089293397149e-01 0 0 0 1</transform>
      </camera>
      <camera id="59" sensor_id="0" label="390">
        <transform>9.9998421429273621e-01 -7.6133388668771142e-04 5.5670042260324943e-03 -1.1296029050682045e-01 -7.2474990207782239e-04 -9.9997815046344707e-01 -6.5706417710346687e-03 1.8442120623268909e-01 5.5718850418077399e-03 6.5665033630394887e-03 -9.9996291687775307e-01 5.3384492346301005e-01 0 0 0 1</transform>
      </camera>
      <camera id="60" sensor_id="0" label="395">
        <transform>9.9998664018291694e-01 -8.6313369292892505e-04 5.0965140939954788e-03 -1.1289982355582133e-01 -8.2708811111489367e-04 -9.9997466185286754e-01 -7.0704722260763186e-03 1.7951276921130088e-01 5.1024877205747476e-03 7.0661624996455341e-03 -9.9996201626191283e-01 1.1067385803805048e-01 0 0 0 1</transform>
      </camera>
      <camera id="61" sensor_id="0" label="400">
        <transform>9.9998893619037754e-01 -2.2233541990960806e-03 4.1453821225956216e-03 -1.0175744129882681e-01 -2.1952016008633776e-03 -9.9997458200321809e-01 -6.7835416576295529e-03 1.8930685957390184e-01 4.1603589711154028e-03 6.7743666563443742e-03 -9.9996839918551272e-01 4.2577924635582701e-02 0 0 0 1</transform>
      </camera>
      <camera id="62" sensor_id="0" label="405">
        <transform>9.9997943095385344e-01 2.6443567588853262e-03 5.8433762962366203e-03 -1.0696294245306841e-01 2.7277846614093344e-03 -9.9989380286393126e-01 -1.4315801938657169e-02 1.7497621904965199e-01 5.8048996587936365e-03 1.4331446948498139e-02 -9.9988044923796449e-01 2.4878946443731154e-01 0 0 0 1</transform>
      </camera>
      <camera id="63" sensor_id="0" label="410">
        <transform>9.9998994685521292e-01 -3.5936552216125355e-03 2.6817588736633082e-03 -8.0247285063386589e-02 -3.5687762133280333e-03 -9.9995108088498508e-01 -9.2249484166274619e-03 1.9381976146945445e-01 2.7147789684390440e-03 9.2152850796069444e-03 -9.9995385318326291e-01 -1.6051677877261073e-02 0 0 0 1</transform>
      </camera>
      <camera id="64" sensor_id="0" label="415">
        <transform>9.9997686292032539e-01 -4.1344361510400312e-03 5.4018572489753398e-03 -5.9321701579908036e-02 -4.0840095561760466e-03 -9.9994829343431613e-01 -9.3129653571670801e-03 2.6071957145179164e-01 5.4400817981347365e-03 9.2906886457198024e-03 -9.9994204262773045e-01 2.5135821898671612e-01 0 0 0 1</transform>
      </camera>
      <camera id="65" sensor_id="0" label="420">
        <transform>9.9996602073638052e-01 -7.7867529201021074e-03 2.7062615561311183e-03 -4.1182672278567180e-02 -7.7542320988244337e-03 -9.9989999784712924e-01 -1.1826503704321201e-02 2.9153897515408078e-01 2.7980809864034954e-03 1.1805116868207677e-02 -9.9992640227094776e-01 2.4578751092124762e-01 0 0 0 1</transform>
      </camera>
      <camera id="66" sensor_id="0" label="425">
        <transform>9.9997752732344369e-01 -6.7021533486337692e-03 -1.6120974866001459e-04 -3.0335900903333008e-02 -6.7038257440186731e-03 -9.9986295477527221e-01 -1.5137053493191128e-02 2.7756356694177470e-01 -5.9736801875941792e-05 1.5137794045147202e-02 -9.9988541524664765e-01 1.2174848224341737e-01 0 0 0 1</transform>
      </camera>
      <camera id="67" sensor_id="0" label="430">
        <transform>9.9996568501103256e-01 -8.1651301690757131e-03 -1.3998034645491672e-03 -6.1603586321221822e-02 -8.1962719251021578e-03 -9.9968051879579278e-01 -2.3909861285744266e-02 3.0299742459975992e-01 -1.2041291239300142e-03 2.3920513988955186e-02 -9.9971313839698883e-01 5.6773032055603349e-02 0 0 0 1</transform>
      </camera>
      <camera id="68" sensor_id="0" label="435">
        <transform>9.9997774912607018e-01 -6.6083283045999157e-03 9.1172900402416730e-04 -7.0111909369836078e-02 -6.5803590426291077e-03 -9.9959000634552908e-01 -2.7866074158650944e-02 2.7268339645921613e-01 1.0955033675186146e-03 2.7859454609952206e-02 -9.9961124976723226e-01 -7.0011630437771408e-02 0 0 0 1</transform>
      </camera>
      <camera id="69" sensor_id="0" label="440">
        <transform>9.9997785152452279e-01 -6.1973911037276064e-03 2.4266857865887352e-03 -7.4018813621136978e-02 -6.1171427712720947e-03 -9.9947595851314230e-01 -3.1786615399421403e-02 2.3973600739383458e-01 2.6224081900549806e-03 3.1771066990932073e-02 -9.9949173197057617e-01 -3.7856226831321151e-02 0 0 0 1</transform>
      </camera>
      <camera id="70" sensor_id="0" label="445">
        <transform>9.9997049791077863e-01 -7.4690644846287938e-03 1.7934279448707971e-03 -6.4171471610764502e-02 -7.3967113744825945e-03 -9.9927178787828375e-01 -3.7432373841122843e-02 2.3681753305307945e-01 2.0717067629339950e-03 3.7418004039010924e-02 -9.9929755378707152e-01 1.0851795696420459e-01 0 0 0 1</transform>
      </camera>
      <camera id="71" sensor_id="0" label="450">
        <transform>9.9994481983539663e-01 -9.6873820100937692e-03 4.0634854678368998e-03 -4.5852528552835135e-02 -9.5447526830528661e-03 -9.9938432058587034e-01 -3.3762071372113678e-02 2.4554656485745932e-01 4.3880497463184591e-03 3.3721423411635199e-02 -9.9942163805999140e-01 -1.6772910237838577e-02 0 0 0 1</transform>
      </camera>
      <camera id="72" sensor_id="0" label="455">
        <transform>9.9993726217343148e-01 -9.9915079891420063e-03 5.0637422133939115e-03 -7.1571910743038938e-02 -9.8212696212906306e-03 -9.9942032194952146e-01 -3.2596974358697517e-02 2.6524588664341742e-01 5.3864998029063043e-03 3.2545196917803554e-02 -9.9945574978457907e-01 -4.0319256519868056e-02 0 0 0 1</transform>
      </camera>
      <camera id="73" sensor_id="0" label="460">
        <transform>9.9995942195694765e-01 -7.7479015061796474e-03 4.5961355264784115e-03 -7.7712377605474073e-02 -7.5890965338244612e-03 -9.9940595987519498e-01 -3.3617450524082992e-02 2.3662781562132590e-01 4.8538699331061074e-03 3.3581205877534714e-02 -9.9942420550959365e-01 -1.3131495580896441e-01 0 0 0 1</transform>
      </camera>
      <camera id="74" sensor_id="0" label="465">
        <transform>9.9997322667436062e-01 -5.5629384452075530e-03 4.7539089519390322e-03 -8.0248004531365894e-02 -5.3984640148176891e-03 -9.9940939354534997e-01 -3.3937010469356516e-02 2.1928179382792126e-01 4.9398907628825910e-03 3.3910438056317327e-02 -9.9941266735522194e-01 -1.4424294474852903e-01 0 0 0 1</transform>
      </camera>
      <camera id="75" sensor_id="0" label="470">
        <transform>9.9997031616031529e-01 -7.1129272129116404e-03 2.9619359721177975e-03 -6.9331966231565956e-02 -7.0076061137893412e-03 -9.9939155982431893e-01 -3.4167288573550059e-02 2.5584642629620441e-01 3.2031632479607762e-03 3.4145518276606668e-02 -9.9941173863769917e-01 -3.0197264134158275e-01 0 0 0 1</transform>
      </camera>
      <camera id="76" sensor_id="0" label="475">
        <transform>9.9994408461114004e-01 -9.9161489537941301e-03 3.6739135966416853e-03 -1.1655807737143260e-01 -9.7855008620142750e-03 -9.9937329867435021e-01 -3.4018434261847086e-02 2.7002330345068387e-01 4.0089430114356754e-03 3.3980581023200021e-02 -9.9941445281187369e-01 -1.8153124667277015e-01 0 0 0 1</transform>
      </camera>
      <camera id="77" sensor_id="0" label="480">
        <transform>9.9992750044211176e-01 -1.1255869596848314e-02 4.2777633418184021e-03 -1.1523544285344585e-01 -1.1114793291011768e-02 -9.9943614291537808e-01 -3.1683711975236672e-02 2.5298743443984167e-01 4.6319790249891492e-03 3.1633868464834014e-02 -9.9948879090075926e-01 -4.7071420253405205e-01 0 0 0 1</transform>
      </camera>
      <camera id="78" sensor_id="0" label="485">
        <transform>9.9991154468916332e-01 -1.1755060030085638e-02 6.2226490356266269e-03 -1.1507941469779891e-01 -1.1528078198734845e-02 -9.9930902188479021e-01 -3.5335282547444141e-02 2.7984208199090449e-01 6.6337176888496214e-03 3.5260421769356912e-02 -9.9935614094589520e-01 -3.5544399763829748e-01 0 0 0 1</transform>
      </camera>
      <camera id="79" sensor_id="0" label="490">
        <transform>9.9993303106367804e-01 -8.9860785837301525e-03 7.2927209937206109e-03 -1.0005641711761934e-01 -8.6752428688716826e-03 -9.9909710451823763e-01 -4.1589853383241115e-02 2.5633797046556217e-01 7.6598661196732474e-03 4.1523802029202639e-02 -9.9910815246201867e-01 -3.6976096479433984e-01 0 0 0 1</transform>
      </camera>
      <camera id="80" sensor_id="0" label="495">
        <transform>9.9990389683213077e-01 -1.0545772208325083e-02 8.9990993132135818e-03 -8.5894765890474553e-02 -1.0144948172957384e-02 -9.9900277938733395e-01 -4.3480188625969918e-02 2.1445014255924624e-01 9.4486573907075020e-03 4.3384714645967659e-02 -9.9901375836802209e-01 -5.0072169261475075e-01 0 0 0 1</transform>
      </camera>
      <camera id="81" sensor_id="0" label="500">
        <transform>9.9989692372656935e-01 -1.1962291963676337e-02 7.9401192131139699e-03 -8.0141327709625940e-02 -1.1650305948527945e-02 -9.9920069029300618e-01 -3.8239389237878757e-02 2.1538969680090705e-01 8.3912033373284064e-03 3.8142942846037302e-02 -9.9923706077066388e-01 -4.8361905719961706e-01 0 0 0 1</transform>
      </camera>
      <camera id="82" sensor_id="0" label="505">
        <transform>9.9996320621575419e-01 -8.3363056573204884e-03 2.0229242934039241e-03 3.5211079902305112e-02 -8.2512374932302186e-03 -9.9920760851516399e-01 -3.8936771376635870e-02 1.0938130995054512e-01 2.3459101729242076e-03 3.8918647116694960e-02 -9.9923962872379446e-01 -6.3509458035176902e-01 0 0 0 1</transform>
      </camera>
      <camera id="83" sensor_id="0" label="510">
        <transform>9.9995464348721574e-01 -9.4213205383156164e-03 1.3963121674209962e-03 3.6752110026723586e-02 -9.3663925030733480e-03 -9.9933740088531486e-01 -3.5171435615595381e-02 9.9545112044187312e-02 1.7267483409422926e-03 3.5156761954109272e-02 -9.9938031821177520e-01 -6.3299230119407435e-01 0 0 0 1</transform>
      </camera>
      <camera id="84" sensor_id="0" label="515">
        <transform>9.9994250107515947e-01 -1.0020757630969102e-02 3.8182404397932462e-03 -1.0419746626961051e-02 -9.8704953459085084e-03 -9.9924690335278576e-01 -3.7525983817811755e-02 1.2719808817891276e-01 4.1914037244217411e-03 3.7486138189598436e-02 -9.9928835757175161e-01 -7.1906579348037492e-01 0 0 0 1</transform>
      </camera>
      <camera id="85" sensor_id="0" label="520">
        <transform>9.9994011629800483e-01 -9.8944643425643262e-03 4.6758307610923304e-03 -4.8545899220836630e-02 -9.7096159189210361e-03 -9.9922954791509244e-01 -3.8026752847264263e-02 2.0464470645159830e-01 5.0484826076445345e-03 3.7979075143736829e-02 -9.9926578179911008e-01 -6.3494029212387315e-01 0 0 0 1</transform>
      </camera>
      <camera id="86" sensor_id="0" label="525">
        <transform>9.9994101660644041e-01 -9.3143303603309604e-03 5.5862830233335738e-03 -3.1314414364769470e-02 -9.0982340384971432e-03 -9.9925387967773738e-01 -3.7535397778246424e-02 1.8637425178750558e-01 5.9317320791569721e-03 3.7482358502754845e-02 -9.9927968425041658e-01 -7.8587194461265475e-01 0 0 0 1</transform>
      </camera>
      <camera id="87" sensor_id="0" label="530">
        <transform>9.9995225671906440e-01 -8.6742624182742541e-03 4.4990503386343290e-03 -2.6470554509886658e-02 -8.4907022712279057e-03 -9.9919025476830114e-01 -3.9328650510773555e-02 1.9802145287227454e-01 4.8365542891624941e-03 3.9288572735034610e-02 -9.9921620072687556e-01 -7.7927727060048957e-01 0 0 0 1</transform>
      </camera>
      <camera id="88" sensor_id="0" label="535">
        <transform>9.9993500440438265e-01 -1.0285897509925368e-02 4.9180564476825417e-03 7.4395103681548693e-03 -1.0092305396088807e-02 -9.9923100413416432e-01 -3.7888596553867532e-02 1.9648939816382699e-01 5.3039927035543194e-03 3.7836499434341968e-02 -9.9926986693883446e-01 -8.5830629894765431e-01 0 0 0 1</transform>
      </camera>
      <camera id="89" sensor_id="0" label="540">
        <transform>9.9987888955256765e-01 -1.4207047613693402e-02 6.3534262587925591e-03 -3.8161968761941410e-02 -1.3961487768508665e-02 -9.9921201470004140e-01 -3.7154091811978485e-02 2.9144529457307639e-01 6.8762698037125808e-03 3.7060888780294704e-02 -9.9928935120734741e-01 -7.5981394903869948e-01 0 0 0 1</transform>
      </camera>
      <camera id="90" sensor_id="0" label="545">
        <transform>9.9990641449105278e-01 -1.3680708920740811e-02 -2.1519146121552448e-05 -3.9970639554096327e-02 -1.3664083130246226e-02 -9.9861122139160308e-01 -5.0881443994648279e-02 2.6673609551802396e-01 6.7460496396601094e-04 5.0876976268217515e-02 -9.9870470019618207e-01 -8.3585773257025209e-01 0 0 0 1</transform>
      </camera>
      <camera id="91" sensor_id="0" label="550">
        <transform>9.9994822024706798e-01 -1.0170905513844735e-02 -3.3091652988653510e-04 -2.9400462129781861e-02 -1.0174701242958733e-02 -9.9868949070890523e-01 -5.0157517903151233e-02 1.9249413949456182e-01 1.7966451470238494e-04 5.0158287736094473e-02 -9.9874126473879377e-01 -1.0894207454172811e+00 0 0 0 1</transform>
      </camera>
      <camera id="92" sensor_id="0" label="555">
        <transform>9.9988594571010481e-01 -1.4998808196181336e-02 1.7695547753392724e-03 -5.0312905941038301e-02 -1.4908468871569335e-02 -9.9895655776385694e-01 -4.3168660582553260e-02 2.6059365199676704e-01 2.4151868073112844e-03 4.3137355659340126e-02 -9.9906623174812859e-01 -1.0792706103789635e+00 0 0 0 1</transform>
      </camera>
      <camera id="93" sensor_id="0" label="560">
        <transform>9.9985672634235168e-01 -1.6775433980466447e-02 2.2608853850010313e-03 -9.3213008705668385e-02 -1.6668556110670956e-02 -9.9901826923560189e-01 -4.1044572974849397e-02 3.8079352574538172e-01 2.9472063284598214e-03 4.1001006673852980e-02 -9.9915475849669466e-01 -1.1363609775022006e+00 0 0 0 1</transform>
      </camera>
      <camera id="94" sensor_id="0" label="565">
        <transform>9.9976818543765211e-01 -2.1455263974210007e-02 -1.8019529686938826e-03 -9.0968799531621486e-02 -2.1509406024606600e-02 -9.9900076238585112e-01 -3.9176806977558792e-02 4.5673034965743725e-01 -9.5960365413844009e-04 3.9206484161235879e-02 -9.9923066944551986e-01 -1.1143163773229634e+00 0 0 0 1</transform>
      </camera>
      <camera id="95" sensor_id="0" label="570">
        <transform>9.9967441957132297e-01 -2.5264351617370021e-02 -3.5731487644241342e-03 -1.4233502144984539e-01 -2.5377204769978227e-02 -9.9902306696806187e-01 -3.6178849398372681e-02 5.0563081046236513e-01 -2.6556228650557756e-03 3.6257746800944915e-02 -9.9933894323403472e-01 -9.5117398849040113e-01 0 0 0 1</transform>
      </camera>
      <camera id="96" sensor_id="0" label="575">
        <transform>9.9967757919108746e-01 -2.4333231921122508e-02 -7.2547561585794510e-03 -1.5495849680760521e-01 -2.4626493631200667e-02 -9.9874873876345205e-01 -4.3525769721468599e-02 4.7243162673126704e-01 -6.1865559142397462e-03 4.3690395313921604e-02 -9.9902596356813145e-01 -9.5065686231671176e-01 0 0 0 1</transform>
      </camera>
      <camera id="97" sensor_id="0" label="580">
        <transform>9.9972760152727069e-01 -2.2822957879236851e-02 -4.8821448333686715e-03 -1.8956899595900406e-01 -2.3029194749512826e-02 -9.9860719369204476e-01 -4.7469241574813706e-02 4.5979717696949224e-01 -3.7919564502271121e-03 4.7568742890070174e-02 -9.9886076895938702e-01 -8.2570011464532567e-01 0 0 0 1</transform>
      </camera>
      <camera id="98" sensor_id="0" label="585">
        <transform>9.9980073137752101e-01 -1.9836708271991972e-02 -2.2366362927093873e-03 -2.0017256879165871e-01 -1.9922416795424565e-02 -9.9860342599779373e-01 -4.8931532721737607e-02 4.7126719874798734e-01 -1.2628721247080596e-03 4.8966341403059499e-02 -9.9879963083873613e-01 -8.7423551802066446e-01 0 0 0 1</transform>
      </camera>
      <camera id="99" sensor_id="0" label="590">
        <transform>9.9984717446569871e-01 -1.7480964268703630e-02 2.0880899022197782e-04 -1.9583790746994428e-01 -1.7452469210483705e-02 -9.9877137391876458e-01 -4.6380534266867710e-02 4.3435255700210879e-01 1.0193289043330936e-03 4.6369801904464492e-02 -9.9892382214057007e-01 -1.0476506491399942e+00 0 0 0 1</transform>
      </camera>
      <camera id="100" sensor_id="0" label="595">
